700
3414.1109808819524 2882.4370234325975
2467.1271035117984 466.94883455799345
3439.7843580972153 386.31005707945667
588.9440411686485 2698.781209371662
900.2287253266855 756.7455729170713
4279.967403735472 1914.8097951140462
2708.5118269781615 187.9666574656957
1554.4097386448132 1272.1755771893795
2678.3487789279666 2016.8058595135851
1355.245757046509 3368.0275212297242
4420.5982496887 1855.1108490473682
3894.0223443721184 1439.2529404690738
2904.347042177427 344.91044563017107
930.0885313009358 63.58071849005908
1928.3605233068947 3680.7306593094586
4030.3122652765805 726.414838970156
516.1775095126263 1792.3331838736656
3946.749928476457 2880.2576835288246
2489.840786285056 848.2865042779821
591.8378271983643 3955.06731703347
3116.1539374967783 2219.726579361036
1085.2124317394364 1423.1705919432898
974.5063501065204 991.5875529194135
1196.8854167501293 1371.8492383020941
524.3647123455357 1659.5619240687506
3670.6263324518995 4120.356972784938
1472.4820628255543 3859.224857495811
1357.2645348547537 908.3629435397835
549.2363742626801 4126.90004349985
97.46518929891715 1003.0014879720044
3273.0740739514517 2378.1911083654268
3551.38452152434 28.403439644652256
36.48521670071937 2242.081840692222
4065.493318097913 2407.8017054657985
1347.0751829387682 3471.6095042626507
284.38521608584347 2056.6054688112977
1749.3067618919856 4150.742158267221
1262.0881439506497 210.02982640799712
2126.797167663135 2532.5510290134926
3223.2685409169267 3482.6404857042708
583.2513636285928 2933.9193147840674
4315.25874764677 2646.0579522749053
442.72445255577657 1902.8614944665173
1139.0237998720122 3767.670435520911
2815.0685361198084 1904.7445877652035
2641.875595209135 3228.712616680693
4249.527253914363 4267.527370519984
4039.776565899575 1135.2434932680767
1461.1525991448334 507.7464597662707
871.6819877061736 2516.081417693726
3185.541365074592 4080.909792395584
3664.639084933078 1958.9567065758638
674.6275027209192 2528.1436163117937
743.1827410218806 1507.3806281475572
2307.998071743854 2829.5892533032893
1043.7858135849333 2278.2699567303503
3487.372758174052 2651.588728493547
2144.7822762458472 994.3729824618547
3867.4993822855968 4041.087911791738
1120.882663447115 1674.375998083646
3994.99059103047 3725.488558896022
2493.9277501447796 452.7467959323647
218.7250575991271 2333.4388566619427
301.43262692419705 3528.262368619097
1916.9077042364074 2246.6585084174358
2598.541057172284 3574.00114229288
4308.94621285882 457.7405161182945
4179.215628388443 1523.8006619799942
1096.8396032428288 3194.9847942640954
967.4441324333307 3705.68989428467
1170.6539186858026 2421.5349937876285
1949.6640450480759 638.4925727208736
2729.684114829038 4030.6996597670177
4237.588373511283 1935.9572101790482
2569.133505547394 2127.955558012187
3438.5407978308854 471.133020521986
251.88408061902365 979.6722495888617
906.0828046073157 2965.8730296007575
3097.822597420715 3199.0766550701474
934.1540394330237 2411.618230613909
3797.317320539413 2747.192023141852
2256.2983739786305 201.32296578461606
1791.295842842675 1595.1160504329935
4032.889291563663 2330.017842511145
1101.0186494916277 3162.009015787509
2762.0547047159002 728.2545223735191
3784.6247439022327 2210.8778760121168
3521.860807075455 3206.591107032152
2494.775502862879 1421.3897482501786
279.24409934395027 4222.45110407177
759.4430517891137 2465.2446371161122
4150.466040568446 2480.6047660388717
3718.805583752833 3896.0102778147784
145.71536681444016 2083.065070382331
1447.1364364663566 3567.5638074461904
1060.7466048098493 2603.968764495831
342.99099389630965 465.5101505123633
3804.465644640856 3773.4068603164405
138.98663938563857 9.634279669321966
19.008959852140944 1158.3547010639475
1899.4184177183834 3179.453505721019
3458.8195479906276 1224.8971428402665
414.0336966025225 1201.700991127684
1853.4448157309957 2613.8038343759504
334.0795700577545 1653.3350606700237
4020.9787913619825 268.0408785825441
2287.1126784883163 3107.6463409785447
3926.957321204266 27.00723833053985
1441.531801220896 405.2299476950317
1829.041555509326 966.7714961118696
968.0364594032778 843.7704474985574
154.21011353636214 1902.536278028674
3357.9375193497453 3272.776603215701
2918.342046033612 3611.9368878598852
914.2925509397176 3659.2587255704334
561.1725096214823 746.3024334719872
3929.320948081027 3396.5638991453566
3311.9548249161394 3636.6225945427223
4296.841555826608 3141.437253410548
1405.1994339572218 3918.2834923996816
1927.1567024209405 983.6019152414851
3287.8913116751332 2208.3315751077394
2507.801269637458 4205.829308434186
4307.309592050612 2326.60800586583
3181.0772968015945 3331.5592383935013
3263.0917412808435 1853.0626083788677
3743.557471558649 2197.5475344641877
1858.4681244623905 1697.381285837297
2892.2808699339616 1941.016410820377
991.5455646860983 3866.670174790238
593.6030577043902 1267.349128765398
3554.164063599072 1880.5391657064863
940.8430364914833 4387.278320916535
4275.145147902943 2123.196603873301
3387.5865681333466 625.4540608614307
2708.415075025433 2619.3811506661195
3444.5277859241764 1711.3854000398164
2642.2889806410058 2220.6381271787063
1235.1389900514603 2561.2509190672313
878.7439315360972 1005.1889511916154
3163.0703975192982 3162.220139909634
3730.295798065211 3070.898984925062
549.2511131959809 171.0460183151308
1894.2913602712335 4362.92857182587
1726.8522132975013 3165.9271625929714
723.4321772634024 188.60051722989024
523.0143459216944 3768.5506949939945
4268.4804499528145 2875.2864594871508
1687.6387205567626 2773.770584645167
1421.466966173188 246.70581750342234
745.1617744787713 3033.0200712362985
3048.616420047679 3843.842380045764
1714.276905981511 1302.873882313901
2528.064717611543 3671.3584963787193
853.9363773842815 2758.488828850299
1475.450871202264 1017.6875664758122
2146.376081619405 1974.4748113555943
4347.787490257352 1641.3093240961523
2002.8882949129156 1596.5578899003342
3405.5801658534056 358.0526820693795
3634.8185896423133 4322.694200402043
1254.1699457301222 69.29207388567656
1546.1483736093571 4157.806847112866
3420.3568496263206 671.4192759202296
285.62902348374433 4204.06658412961
3048.2781790288354 3504.4202741544445
868.2526207327413 2900.9700959123948
1635.7618423575582 2693.9812485825414
1969.147710830859 3108.755026460283
555.895531903112 4218.662492328077
1300.3341814225682 1103.5586024114698
2679.1126835060945 729.9575010678087
203.0399997702769 3115.5848396160136
4196.250816000814 2725.4424672499667
4116.635547907819 3315.3515060896466
3749.54878552082 314.9828029929239
773.7741685325402 999.0482723925217
262.08150280083544 1251.6713490792333
1709.165106988053 187.4380516069628
3226.819953064905 675.2318429513658
3902.5866267837123 3143.8276622597964
2487.8581287676757 2043.0956850379073
3867.116355148935 1909.968577484196
2433.5189440477375 1826.5908019267454
2756.3056884840994 3057.961381453987
3335.249384771341 2912.22199909267
3367.1284676509536 2770.9541855089337
1682.9526053693005 2394.453948404959
2227.852768091664 1555.3268623012007
2512.8241754433975 2015.4954052043058
1629.5515469890292 1525.4601566490066
3323.5741225158176 3689.5942565727414
237.50580173460057 3735.3324463267472
3889.064976205751 2374.1669755449107
2615.880032063513 3863.4928748315597
117.95781111436152 1184.3497039715676
3306.9008739179885 90.38657451388427
3604.593314757186 2892.184041376933
3276.5020882929675 569.2025360768451
930.7879593091395 2629.4694050864036
4050.5485976576488 716.330879999165
3854.1382610682904 2886.0725561552367
1367.8496218025841 416.9668707216506
605.4221965389405 3941.676530271028
1146.788712438178 3825.012191459959
2558.4994564896124 1351.0916729360008
492.09695886903023 2392.6160144476403
687.9687180800313 1989.6696312121012
3713.4645179916843 1733.4771704819102
2971.9574236079834 1109.1743583095151
2166.7256955485486 3572.908912316011
2824.234877533552 4104.373466577506
3773.5922270131146 1543.5051450460676
688.755772634648 3661.7394914985575
27.495318762515787 857.9056246729017
831.2479727500324 3203.9862948957953
734.7668664897952 2833.7564478875506
3319.831807157948 2726.4254211352554
2052.27208378093 4299.756858783798
1448.0003494822536 4398.017899690223
3140.4701295972154 3639.3837783862273
3141.655237120724 2469.5515191063246
551.618365842336 1910.8831938886667
565.6198008048801 2142.5078315151572
389.85644772839714 4305.486536427304
3097.8565314637935 3140.001999559341
3.7270424734737406 3406.3825646892046
1359.8788686784474 1237.0303694082947
2964.8797737331292 3085.848346920906
691.9661498675003 210.85696110099735
360.94980930829973 1922.9850263896244
3288.4663145233594 2500.199508100085
44.94926942726742 4154.257382295271
3224.628373484713 2735.6171081758303
1156.861611012812 3535.458709922386
3068.3660126903874 3642.4205819949693
4129.300007042622 1635.0265119177072
1174.3844621533 2694.4983734881607
1578.6849578761737 3943.584286763586
2666.701313489239 1991.3394201990989
2828.2645189916816 496.17862254554797
3777.9346078007566 457.7257996343787
2083.619030874917 3072.45773187975
1148.0931069920593 4116.458929022443
1129.0060236336444 3489.2526784153993
663.8541294308687 3236.5533645352916
2787.575315556845 3696.7129428301146
1917.4330985042418 624.1547167115675
2777.221644975887 3397.122690092262
3183.8961527019837 2404.9352115894226
3726.3917200525266 4392.902562569347
1641.0071619919725 2079.4549915958605
3526.1125676600927 365.4140462140526
2500.1574201668354 2056.3724818488427
3683.357127258028 4424.3407398209165
1767.871829635872 1763.9333071329006
233.67677021359495 2057.9645888453347
494.0193450483211 3426.249964016359
4093.277411441185 2110.987388860386
4199.032224926464 2173.738344085781
4397.9054592093335 1276.700288645334
2960.8911606150987 3274.7917244167124
1294.6635094070714 3431.6198775463686
2875.0148656164397 96.2623810886296
4063.5520434576993 4219.46047403238
2969.3110154664755 57.58924432145907
1231.0786832756282 1947.6036396742197
3212.6326093091066 1775.254799771579
1876.4908467505463 4216.119991457678
2315.2159070259504 620.3231708944162
18.696044539021234 1591.5655392828917
867.7983786700154 1928.26878562853
1807.144919718537 2172.159373503571
1130.7490436553794 2562.9238252113264
765.234935668611 272.15242918679576
2185.057999675346 167.15164321692853
862.859188145966 4163.328831073801
2184.9357216709973 3846.527794974283
2176.971974354491 2731.287862219357
513.1687260972847 3804.7158376871203
505.31484420575214 3531.981393327783
3155.7812630759663 3229.234528327764
3981.5975875277354 1707.660650027094
371.467839068301 2257.5879574352302
3223.0197946311428 1894.556234956502
914.0412140961944 519.0155090321366
2630.703315941222 2758.874775209949
3396.311149407079 3543.275024031791
1441.7791370730777 1190.1141043860723
1193.7392103281766 1017.5665006266672
2542.6398320976214 2423.4987212017795
2157.117050751053 1651.8981391851191
101.33634281942112 145.85759517948057
1370.8855491638449 3254.520959199966
3735.751896766295 537.4919587698723
1779.5726951918998 3060.135523710937
1694.6556443336872 3384.170616866234
4235.6689078785175 3132.0007445639226
3604.181536404348 715.8259207359333
1892.9160895375248 3994.8467980098408
218.47361457584935 4281.418188216029
2398.156634296972 864.8871336552498
2729.0289105202964 103.77599108264637
196.06578261396945 4215.630902503265
1023.5114625793312 1718.502355205316
11.919358308543075 3118.35896398566
743.5265916800602 3953.5594849122926
3440.7649871636145 3850.8767386163718
2114.501485266226 880.2826805208132
133.47517957412882 1682.5022659009164
985.9406373009272 4241.920796663326
952.495710764434 3457.004734804803
1266.1436450515716 1952.6843328115685
1158.981723677898 1537.7335673345376
1000.1036156050111 1901.9885563243406
3578.358562566905 2125.4185326612255
906.4246020750643 1788.0247935845537
3021.600841665947 2741.9637431272677
1595.4096034799716 2783.8823730738413
4179.939176024306 3055.5643565137384
2376.247255951744 1420.3170476233447
996.3022959808252 4344.2691015631835
1134.021153003773 3172.555491439561
3440.445594328669 3489.948239299222
738.1358705383379 3333.3598090597256
2086.926145906946 2263.8870625739846
636.3204824130702 550.3933787068863
210.6732446417303 965.7760308801332
1013.3687093196647 1332.3671123163592
2267.6280652702976 1490.390731150979
1699.173160068299 41.78671166685942
3580.4872365627016 374.41183205459987
3413.279557907849 1455.9848142903927
106.51195623785856 2922.2379428459417
1751.3703474374186 1126.5440398132905
1904.751197685749 1860.8663556710796
2564.8819664262323 81.47071525769013
1808.6575739361674 1056.3674704030207
1090.2739599281208 3417.4661327928616
3121.904880002286 495.00499753882815
3808.6603065667423 102.74909025907294
622.9150674748847 2752.2345085786797
2168.2201182695017 1344.6816767964067
639.7188062377087 3307.1136276624816
4009.958946230144 1680.6732273546738
3954.21344355106 1220.2579591550787
1673.5126748993275 2335.1615393363813
3804.696202161661 1377.2404378071406
3131.7048688237196 504.7690909160434
1872.089344506837 3748.6144816364895
2543.620698197843 3381.800090279249
1706.3471712379003 1440.995026046861
415.8414592840575 568.3282952790604
3468.080662545644 310.13403979403046
3854.600884869351 16.159095471516373
1066.8856040541534 4035.748736219817
651.4955165925368 2621.8090713703714
3536.0978161918783 3135.7155912993403
396.60766814302025 3247.6128226249507
108.13830259111417 1568.4567006807083
3097.9896626947816 3092.886849917814
2642.559715960097 3494.1509376384815
4255.61487478551 3377.810417392979
699.3135903129714 1517.1999182936697
1781.643894491758 3420.868096092485
3724.496096902304 3776.0546033262153
1007.6691746418105 1042.3801153165612
2320.1672764372897 1322.5560281173189
2001.3897355287304 35.952881158558455
4142.689909248778 1355.474645734443
289.16126516798647 1422.1863585486897
1234.616101445594 785.6296099366132
3998.59377692451 1561.9717918915028
2551.1528137224172 2746.478399247734
3821.3205821550246 576.4400702379896
157.55288794531052 1182.4924437456582
2299.619869632648 723.9623187157006
3217.453547332562 1955.1924317889711
1743.4589621917607 1664.2334371770894
1005.5740908593667 4379.1752100102685
1196.6587440037156 3905.9920442637713
2474.0139962854746 2731.0622896166274
1975.8036343670003 610.0388036314891
593.2132145747397 985.9861129716857
4291.890677449928 1630.5055616391141
2236.6254945908026 2339.556379034561
890.7019332633156 273.54491189605164
1300.6883641180425 3282.3703343185844
1205.1635451929249 2358.630398679038
1030.4202252006432 439.04840663566773
1768.3919246492771 2278.039603059894
3682.8887545583198 2598.0624165412346
2074.581320368105 1988.320367402108
4252.737291946857 3072.2455945855295
287.93863051016024 3192.3810290668102
1182.1835002095077 1927.0103487174401
4217.000076416684 1704.1323550356678
2644.3712791450043 243.52629093611503
99.19069121628655 3870.9916920558107
3543.089022469753 4078.634417786721
3858.088636486719 1074.9164649512397
1389.0553833985525 377.56915050323454
2658.082024238883 833.7706810335242
1340.8626490425015 2768.9133209552565
639.5340639771289 328.26760923114523
4071.260977105446 4387.1087838526455
339.61983013813494 2086.278757129079
941.5982262820432 2456.606324506151
1411.6702299553435 782.6656211373453
927.3452185160742 1738.0933605742316
22.225114855609657 2281.895214417184
1965.1514550327563 2074.093351109326
2136.6462922463043 488.447341641908
853.1772408293245 1768.8204656185435
3944.263366064025 3853.486128573802
3516.7142071188537 2524.8861913026726
3066.612192978873 4154.088050526401
3963.338654973296 3049.42415745144
1514.5914461242037 1643.7089882274922
1227.831973633989 2934.4391633619434
627.9562819195509 4027.9906850073526
1025.743530348347 445.9610237342972
664.5151923783372 1856.8705114589793
4026.626810810734 2396.679504780415
2629.877977408324 570.629324647506
3775.3935054796643 2752.084109690104
2899.5429314581247 3738.6808216580885
872.7618867758512 1899.6651212065913
581.1384974853875 2402.5466368937387
2164.587915707602 1337.2998850539136
3347.8511983719654 702.399551908978
1006.7008549837633 3752.3406704020554
375.5908216526012 2576.3814087989167
4018.9893251455705 2571.7937803105247
3509.8627736671224 570.4830461345558
3864.8123494896768 2225.4723546276505
2168.2320511547305 1492.9411721454755
1542.691201205705 2022.6156728652786
1275.9393259892229 154.45790471247238
367.5820512376349 416.7047349005541
4131.567743272873 1004.7797217516369
3959.5213883574506 1719.9385929960472
2571.972951430134 3638.074488228782
2179.4753225150666 1168.501025332359
1950.4484074437735 3286.160125160007
1074.360780054316 2544.8414538639813
4405.004962882186 3941.144773391327
3421.86665854809 962.8118622230517
27.570632176597574 709.813820370449
3772.8547212204476 2756.1775671435676
2915.7845905336017 3227.799168930852
227.94301716191836 1696.0212025313626
1456.834146400569 3266.97141929069
80.21283252457381 1846.9474528540466
587.4622413464564 1001.3795506061458
2305.157083297809 20.82263995178585
3630.7304948739547 1123.4107916240373
1411.7189883112933 1229.14913984159
3077.982305177618 2941.350759151807
3167.7525316990923 3621.879036964165
219.7720703459342 4068.416312438242
2467.873748347843 707.5940706349603
2133.2500962913855 477.36584672726144
1587.0900646046027 2269.7580937148027
2906.004486098732 671.1515269213053
2501.9980215692203 1459.2870502491467
35.22401465148041 2969.736364909691
1709.366835155465 110.2768791772012
377.6861443657076 2092.023143013529
1855.7233359652075 2456.527209767967
539.8962390434762 324.4878080796949
1404.8742869566297 656.8006876852075
2633.3901835082797 3255.066373717256
1352.2361069422832 1249.1571951558276
4103.882588399957 1288.6620694098372
914.2461543550136 4201.515879574389
1717.148566691996 3812.40133420311
2434.630213132706 552.3554224176307
2157.3511686719876 726.5327093689949
275.8263874200179 32.71848283363099
2989.9998133617514 2567.5909665344234
1341.6957611677474 3264.472781057288
234.51342154519523 3713.6122267237115
3184.339400589184 1989.7360064264838
4384.456019201269 3524.8959705701036
3030.502084025629 524.7762318437204
1251.4049609298977 2583.4586121712837
8.23998724854943 3374.2837768313784
2750.2580480191546 1688.4779784325951
452.6936897703463 3748.7727378027794
436.9496481305805 3249.396404051747
3461.1542505231378 2619.293008340476
3173.6544174839455 1576.0312686401119
1022.0351290844623 2579.21209093558
254.5594074492374 2540.005165457117
2181.3953739055883 3547.3549869149715
999.2361661923261 3.741950368638322
914.9888805276563 4009.2946183222366
2118.27938032202 1946.1136117142787
2326.7219330756275 2756.0623305069525
2672.4107060625224 1134.4749761490018
3111.743885149674 1743.2098505942179
2938.381096536728 4357.61532647902
3600.8575482420224 2378.1441536741304
2869.8098705985785 3647.920115900594
653.4729479298053 210.32776074908935
2040.045292388486 929.6220119058237
823.67545594134 610.4875213459743
4118.108411542755 661.3112363077647
323.6959679260818 743.129610404226
3205.6460807030257 632.1068794699687
1086.7625918132078 1778.565486243828
1438.8949941704511 3860.7584043929573
752.116709927049 3449.32451797042
3260.908498793307 3157.5037561954537
2419.88787827829 1719.6886056585965
3408.8367150432055 4340.338096060996
769.4825295673139 2017.4530954561787
3151.9134563434936 4053.165410902884
804.9463590720637 3362.1958149303614
4343.414588294381 4109.166603685435
2871.9216241748986 3018.696128679705
1274.8193736125872 2975.3374646542056
4109.591269427532 1221.1110921706188
712.2443558763092 3262.1597950712458
201.6008359893 2807.639257086162
397.73944743276905 2190.7038109482314
1079.7401055946768 3559.7512511362697
3811.340906455429 1567.7190814506569
2525.143104777723 3550.297663992263
1053.3311827649104 1396.1440754174946
2250.5457166064234 3834.633980931209
1909.5595987721854 3985.535803743171
2206.6500841126203 1843.3941735628302
2524.0615486263728 2831.8119384564516
460.1020037497506 615.334556218923
1513.3694473807493 505.9811846258578
4061.1949235729985 3716.1270243157737
2331.415020523969 2113.8463079169815
3745.5183524228028 2319.213110545459
1240.4707348154195 2020.6717055382985
1403.63868261183 1974.0396843941435
795.5225546050232 3394.0026226345935
3562.1568123528764 3896.277326480457
3762.905976276141 4060.3600695217265
3964.8361914971124 3992.6655459892036
553.3246279579687 226.07815275770085
365.3701027153494 4261.383211279864
1004.5548448381664 1272.0523483390516
969.3823724352812 3611.2176003745635
2451.6379128934877 596.8044484891818
765.8206410784617 2797.5103095249997
3376.2803662224446 3223.2483077323004
1750.3300029682773 3529.698857221447
861.0099853540188 1346.3897342337889
623.6768888535253 2717.027188956547
1109.6860376876195 2634.3629207863546
1759.4592912248274 3079.14485427323
1489.0970903288521 4411.794231019959
3446.2544467477 1340.4681991210368
4164.325080549336 2502.2983964992554
1932.6499785204476 2872.8292633218125
598.0737453262251 957.1439842169023
225.62218527174045 1537.0632594135013
918.5899396171321 1680.5033523875143
3957.116634002099 1753.2536040957373
3778.304422520521 1014.1770817211878
691.642526828447 1314.5784706008185
2036.090039512153 576.6297324970906
1418.7424522631275 1257.6462222960763
1483.1156938622125 3312.382293658391
146.24875445176247 2595.262497121432
4400.086071337048 4286.5737400029775
1245.1315471059686 608.1463760316376
3864.663248484979 3843.221517542411
2036.86695412213 470.16928977200644
1494.3269125557074 3648.9046335091066
1736.4502367277296 3427.3560131137338
4370.887152171183 1093.1292729461459
1131.64589650498 1488.2173791816247
577.3989343459891 2713.3990100807955
2581.447432929837 1249.2446996533583
3252.557564552851 4133.824539373414
3356.85770362888 3445.573736512337
130.8199289873817 3559.892293929255
722.2675141080404 2718.496123622591
755.1651639235109 4369.427492446536
611.0737315698475 3658.6162235252445
2184.406826130483 1135.7726641852362
2439.9362543852603 1388.1351756305992
447.65932221068766 3752.606106719392
3462.9204435859656 3800.877432989435
756.4899957994285 2997.2991133571254
2762.3326477648425 4241.05929394572
3720.275753161143 627.12539597946
1160.8671167371672 1813.7914798070206
4387.803117071279 3287.3921744800714
338.78165662580074 1927.773827174573
1305.7997111998977 1902.7141789651632
1197.1979770204898 1693.089813974514
4189.2928462175205 872.7741058109067
4261.013868954597 3245.1606065743727
1362.6382639662638 482.2922041942614
3985.9235362940217 3012.798597296923
2258.8190687247443 543.4314160429502
379.5995609041771 1093.664176080689
3879.454897839152 1339.3583813123266
605.1307532356128 3302.5053772214997
1140.4946672909016 1930.4614213235207
135.90618507070104 1924.023991156586
864.7852599810263 2280.754237864851
1517.1947952674195 782.4340797402947
2595.7455621573317 960.9454316045066
623.7810400055904 1928.9266404125847
2839.5261518005464 1219.427456350231
982.4291855434589 1168.234688048353
3291.1319559807625 2009.271367581078
2071.006195182364 197.59808776961293
1758.1852894979613 3255.40117778254
3196.622763921997 2685.7740092938775
2037.019192447647 3717.585646075847
1087.9440568186087 3908.3734349010233
880.7957672360398 516.2686528394223
2157.669111881182 1398.8693090105899
3667.385836761962 1975.7605714675833
2781.474887051759 3709.911269319319
3961.9374990027027 151.58946449674855
1344.3254993987198 1045.5695120975574
1377.0635002584595 3945.265519579026
1867.4009007480502 4382.383266346698
3151.7128878883086 4161.458370216653
3266.2850895667384 299.3950960365476
2172.988186792235 432.4955608510837
614.8921638763629 890.0845644797652
2073.252875450325 4151.293381623802
2200.538977692612 3896.49459442142
2505.316721072957 65.5137012821332
252.58910098717152 3672.740600826865
2697.7885120176506 3690.304945833497
115.93077162178383 2731.4840316846985
4125.797963095207 708.1284127247872
2034.1453811173096 2413.7209790835814
3265.9404872851437 3050.5100972732307
2566.7494480145338 3741.3846984629154
3952.452238300589 676.0998148474114
4180.676275296318 98.6000933077793
2326.517411986633 2756.4250855903947
1751.1624167430732 383.3311688230806
1110.4277775247556 2457.302195769362
2217.068552096654 2364.3680678502064
1294.988043232984 1026.6094392092325
4150.584109734588 2884.6132308478286
756.873172838817 203.8283349218148
807.8101408403454 2023.6688050994528
264.91328398371536 2723.595121729879
1961.8810478789228 4209.351555400954
1282.6555751316644 4173.68230252265
988.6587826934735 1691.201579868916
520.874007035773 1650.630202996136
2182.6918723130893 1459.8917500085938
1330.2446110715084 222.9731913990222
2548.3660223719385 4372.163373509557
2046.5013075955171 3787.945655216293
2209.4656630720415 2384.8300471746875
1564.778831703019 199.58469414349636
2490.9502815972783 264.57341564026063
909.7640852150975 4034.3140428038078
280.80731704183455 1965.4612489080237
3060.6642383302706 702.4763215192048
2356.124982933892 1745.37006801565
1158.1437391788304 1117.3224493834368
948.988008270161 1266.81679533195
1189.7137259716942 2567.4336192597134
3421.6885323407687 2242.554583414054
4337.859400336354 307.2738326328061
1661.2370047152926 2374.138876450323
1695.6115215072612 608.8970084883069
743.9818178353679 1603.7803889683423
2562.6498747943756 191.479687456414
3319.570200618506 373.74178641461435
1981.0082838205421 3623.4164033026696
3098.3009591968075 1416.1622131372471
1279.3898825738274 3751.841302991578
3369.393276725012 1638.2059710332549
1511.7138322788119 2042.5126108150384
2486.531693893718 392.83188375823727
2948.809926573485 823.6046351014295
3111.95397333446 3159.6185237828854
660.8435080313408 982.850871653339
79.80362564445741 1907.7987673866885
2131.8262664344206 2699.779736801108
1260.3520899459127 1099.4881815717927
2619.970956701911 2835.9584473519076
3856.86429244546 293.2113532610987
1568.747812272836 440.22171976293566
337.6636662764932 4248.3518131193405
3449.8419282858576 1703.9091044774914
2588.326019259731 3864.5137481339993
0.9646751781432483 3935.7338940138116
127.94933210374155 2241.0512954703713
