200
3334.6804206658703 4391.0454333872185
6423.9225469678995 914.2251361589034
5703.1250178838745 7873.391581316216
2898.1377826213466 3956.9456214714396
5115.428197514739 5192.1497532753065
3172.242062965773 3401.803684850424
2381.572491859247 607.7641331450112
7285.7499527666705 5731.227944071376
4313.084765353962 3952.7766242857865
2830.7705805535925 5320.858859183223
962.0541803083621 2649.4835457381896
4343.874536681646 352.6447968095997
1752.1499069577044 3623.2029047024544
7260.849407058174 2012.471171637179
5315.703587269741 2573.6226292149704
4527.1040241068795 3867.810978560353
2506.0000980187983 3144.234181478451
2748.4483274394934 7137.34006559792
7207.610657241158 6593.750520830248
3653.8824206139343 5692.851133838867
5543.330883721909 5136.576704622778
2253.3410012124555 810.0203313703212
3686.8747588597553 4420.448220140583
7226.636611057575 7500.774577566329
5230.813430282099 1800.3051391405388
3667.7633339149056 7151.846832977619
509.67328485404533 3677.854725865772
635.1834241667744 3530.4086837890272
2294.02493857826 5211.8536672510245
3419.235744147349 7517.156848649015
7002.571273465051 617.7309024333395
7519.912834458258 3446.6823937037334
2430.609832381719 2501.447296185688
2010.19567952389 4954.160094051186
6.532620050051367 2526.1947311727054
7587.684842977178 5402.277780382951
4428.1562373435345 2128.163848089003
3202.499138952958 2114.193509563687
3769.7946172288694 6704.377055345527
4326.9618821435615 7306.090630477496
707.7539048970367 2328.129966008341
1831.603706220821 5362.026643661889
7502.077404790328 7711.17953460369
3451.9164834657454 7311.4378223839
6271.504912228133 7153.154180630976
2257.526340577193 7665.590938016099
5883.7937231329 5711.123397034236
1541.7168313966652 5265.621691630997
1669.8247286036988 1177.2239238169434
2749.3654999366795 621.3554176136186
3173.423748150469 6537.001633540366
5507.673782663166 3072.939658097388
6400.037378748029 5343.483054379788
4363.365465574794 6661.267523966796
2362.1061534930923 6677.524698722587
1019.7472608632004 4124.2299095006765
128.09162777425834 7436.240552176745
3611.2298614797623 5438.531007548886
4131.61727306797 2973.9511093165515
153.35235498674092 7087.524867865868
3545.4112955602036 5754.070713921994
5276.371598564259 4783.363975512502
284.04277497023173 6083.017844542096
6757.320966753652 7170.727256888387
278.29040568721496 2804.156996946733
5169.857717941969 5886.570365914561
6151.578742061317 4674.314322527836
5777.34888616877 1158.192586990847
1832.763181585391 3412.6553656071956
5779.8236769550085 7301.678761520548
7358.595575524043 4078.2374436003806
5057.673465469114 72.20947022992051
3301.629013492367 860.0018557145744
4635.811016145289 3079.583451031928
3867.889447810222 2927.740307725617
4795.733183711476 5694.904785299033
2527.7570039140114 5965.387094777925
4783.362954181393 6870.394805373996
2262.531946599745 3648.3530198972767
6028.595302602344 3997.380248575159
621.9622464320378 981.7851568527739
2545.240710069322 436.98655242358365
83.63330517236493 333.9196743678464
2575.384846436287 7585.291153859983
4220.1823456214515 3412.1875406639156
3421.9723623740924 4011.0478175215094
1171.5644193942917 7040.036427966653
5666.296728539597 4997.52390359868
687.9778452106675 5560.985498220391
7593.110383251434 3112.6284208118036
7398.457768570469 7468.336045015155
2253.3085444070757 644.8505672401312
1804.370759979893 3224.74290660057
3995.6850463355504 4560.231468874564
1018.0397667787253 2660.3293256240568
1886.5607677998003 1978.6290283500548
518.671373654314 5925.574200080586
6700.63564158633 412.2106061124869
5061.332225739244 4297.63620084866
6971.1564889387 5253.024983170327
1959.245067401489 6275.959101718142
2006.8794926800786 538.8501094535752
6655.020529853217 5516.064831022328
6424.081786641023 4676.110851443242
4452.656162366044 3016.774331200346
2406.464214130937 1401.5088919121954
2987.7745831549564 7406.57538347061
6905.243095479303 2275.5804024955596
685.5942518088889 7406.578839230022
7736.508075807314 6035.273731887597
2844.5480974729235 7008.8003334246605
7135.444903964556 858.2447646277277
2728.011630863274 5731.296606240402
7241.138965392349 3270.2011287864552
6302.365454173181 1282.1804806192554
204.88573615710337 1497.752724679202
3850.1894594231926 6637.248667801398
2043.1757414408798 7542.29485579747
128.74213439907356 1173.5899405962277
4974.871514093929 832.405021454386
5444.052694641538 5230.634685134987
963.6350645825869 571.7465048746707
2450.231149459486 4734.1968212571455
3672.075098091186 6148.646521395835
2846.4302826787775 4071.569801497863
608.5657366837852 903.9466283220339
5147.844731885195 1716.4500483833006
7484.363086548871 4875.095281304198
479.0077194285431 253.77206859394914
7833.047611320013 6481.043659216566
6407.63867891301 3898.051308325317
6044.833356042932 4557.256053948345
1226.8618567552282 5546.150318146364
1185.5349700199954 5909.411172521814
3073.8421840382052 725.4728766471554
7573.304981614833 3167.9164675798447
2397.784265836334 3210.470912754449
5974.012355997155 4695.401593730879
1710.1424921163748 4962.830247122484
2521.9254772992967 3834.4662164622823
1862.9631487267088 7515.021915775782
7269.586056851541 117.50062309616702
7383.649803926268 2306.8988350971954
830.0796795698725 2571.355680353786
6046.90545543922 1355.1920503044482
1052.7338832833898 1132.7239807951046
3270.429308753605 900.7419884117247
1721.9611912340097 1480.8327134226479
391.3177266094612 2573.373212836097
5085.106662563215 3629.350736516341
7817.961258724419 4426.833457611286
4769.601961372019 7316.871612521203
6153.7820715520065 3000.3178782261994
7456.261452768274 6140.75713673117
5744.852617656947 6835.5382496334405
3078.1303188492097 2930.5740513093956
4681.502483306761 6754.235486548967
955.3172882408519 3138.3941586039186
2136.6056172157737 4485.317604485758
2762.1560963080765 950.3592543897004
4140.186171295202 4125.770945545966
3220.029433630494 7843.890684947208
292.3364927492709 2349.491025565887
3108.255720738825 1401.4515640007953
7019.288461384671 5963.705161113422
1207.368477524551 2485.7650967734276
5194.066565882978 7484.899397381978
5527.165616814096 1166.0836009593115
4920.701077785951 852.9314421217297
274.6878447010112 4578.709047398492
4993.843490525186 808.2073594887363
3197.966374465711 6041.593326432856
3166.3853355896726 449.59529638493547
3866.9627530265275 398.3184116305978
2142.4566378350405 5761.745356868886
3194.3361906902483 7381.581366856199
5656.63198219264 3211.4662624153316
5528.372099332814 6058.43979887241
558.630373111873 1145.7815116881204
5383.2200329186935 1766.9350762064118
5565.630304591263 2928.5057290009995
6689.779975802117 6343.0699374701735
661.6010583468868 2652.7775776990684
5362.205167315463 1624.6734955252073
3517.936389635809 3066.355428837328
5867.767017376025 7036.254287366783
7417.840775758252 2815.9492522549513
404.9327500083384 7294.513322775179
595.8220732602972 5038.415918129357
3860.991033696238 3288.079660161969
4690.195625638016 3304.735566349591
600.2303582739911 5795.0672640973335
2608.8199678271894 2391.309158483652
4166.155913661542 2053.6822200202355
3449.8895701981132 3002.928718550971
7280.0361926385585 3752.9775673429126
5017.53185246649 5007.068918773777
3021.5386743047393 681.0926168025173
4563.979142780665 4908.460113765833
1976.560940618703 1656.0295228574432
