300
3057.167506588151 3709.6621968152435
3379.2935899209833 1491.8826213502605
3514.6580714431416 3187.4776583010257
5354.1277875787055 3690.8471061504783
3419.9670010843706 3287.564621223903
610.4331332233573 4003.6245609172347
4051.3669783448413 719.4887160743145
1728.7119468188284 2085.6088979502715
5279.542855095885 3026.5209732770904
1732.3535424276618 3092.512504322142
3230.2425114659477 124.2662696314522
2841.583952998547 1700.7567898840216
2876.1113000810983 5120.080363165953
1149.698688108098 91.14620129473184
5051.425765979061 451.25283642757734
684.0780103411099 4563.333103485008
4677.5990053042815 3307.3787470299862
3281.790930354933 2686.2347969936504
418.3254490583451 4074.6222556997327
1106.2918812909247 2311.1869352197823
2813.742795459336 1273.5270067250578
1840.0707790241318 5633.371186849638
4352.020762230945 1655.4143079405003
3826.042331301309 983.6286579168838
2468.0640816867217 4459.852988389072
2452.286703220799 765.8437935627117
2758.869027876507 1312.6180788276315
3600.0880399288867 2314.3145012260693
4471.060337222804 5176.5099324020675
4217.028110627584 555.2267739755367
5104.132541019234 1159.2653772493609
711.2313050351321 4674.697552108196
942.5757277624206 1721.9209496268934
1029.5739622869828 1556.104058970016
1615.5356391838159 2579.0509424821344
1187.5257521398407 5763.249870456239
28.12073256613141 3244.8834363930937
1813.214124522395 4601.703863042701
456.4244418843598 4485.620086040942
3144.4213369516224 1604.6830161723287
3516.6050974082937 4626.728103105399
617.9669595801081 697.3012408128407
1603.5274950633288 473.7040015235928
3335.0720212800306 4956.61840484812
3762.563699140005 1578.5985348803881
3548.193555677186 5566.665720679644
3014.0101560177986 3038.2285969836316
116.77063185470948 3336.867924225426
3427.566888893517 5836.316840503173
892.4022482784536 4370.502904426791
2970.4751953665836 5085.889368702306
4811.386932797651 4333.715045984279
1416.214190794716 315.1101158853651
20.6923023651468 2168.142921334047
4766.284499232804 659.0386758608199
590.6004147104982 3308.6878437884734
2594.9282550973335 4393.214980039287
4516.187868293016 1659.3408378296706
3429.2410873764243 683.6445924430992
4245.723232658122 2946.4079781028595
4350.421425625603 5028.837564928003
999.8604853402595 498.51587417607027
2460.345318637939 1547.934696828379
243.12835096910928 2797.327237905206
427.34940673743836 5098.804139306393
4566.617395868984 2876.5721507515473
3857.7828188366443 300.40773331803496
1666.9831940904273 5373.88384725095
810.4457234202994 5930.32543302629
241.94640297815357 4206.751468264795
147.2099283515784 738.8615434073323
891.6402916915014 5050.637985737873
2902.5489429983368 3060.347991746276
701.9619076044461 3869.449368476776
1752.5647614317982 1320.0648464070052
1177.2406201941706 2199.0356363730807
376.14628423703886 2374.8864208045015
4737.278405553145 1824.038833630321
4887.233699811245 5433.128054089661
4844.541318618306 2892.4626859832797
3087.28030997493 2954.383436483273
2486.4569891046704 3890.605450862011
3310.8374403581747 1890.083540795811
2241.5165134443064 3549.342845353046
2279.1304217694537 1532.8944140454091
1538.1131224451312 2653.566199811056
5448.446540200638 4819.257892173419
4694.295701171124 4080.7209728729918
1719.5717840325547 5187.009403747638
529.6000996543038 2748.3657471150996
2468.9183530794276 3391.601447654037
4763.496423056082 5493.295778980795
3753.4282602941903 3753.4371280509567
2031.6129362846286 4391.0315192808075
4036.636074949601 2487.874290482212
83.47619768269205 1103.5350020198919
4726.170409954702 5279.949232759758
5231.261442115765 554.344519015955
5084.69331914952 2543.528594113563
2833.128275511445 4172.7343386375605
2862.411195400114 2332.2408750542454
3399.3725478305846 5030.3602715876295
748.3428546670692 3444.2428403284584
2362.9360784385194 1924.099537778532
4394.065045013344 5441.874917426978
693.3562006421892 5171.631078284736
1590.9789801720603 2215.5516469144923
2709.0389482599076 1572.4242343105336
4808.995859108857 787.5742830310833
423.5864842390013 5783.355806936444
5368.178259899365 5418.091270536075
2428.927952150953 187.3825036166207
2258.1377913700994 877.0143140246607
2530.8372995920017 4733.927495374417
1570.870928364425 5484.248337039774
5060.982745872609 3420.123223312864
1641.8234228977508 5452.722308774899
2270.9150023258417 5798.710837112724
4864.718681783379 3446.2576740030718
5369.014202424256 2575.3467483720456
231.1766551373186 5558.658100866158
4858.787551293387 5856.964879680755
3550.4994876695546 5705.139999008582
3605.8094327177655 2894.970187735269
5796.177021468582 1499.9584853026442
3245.3480562855075 268.8970927915158
1766.3021646418156 2917.4804566714542
2889.4685423854417 4169.553453853032
4733.668389057346 4211.54512835145
1230.8441770361194 279.645512409074
3777.5648108327227 2219.1766665552445
5933.291988627353 2099.974034237937
153.47606100802753 1733.4735812596487
1407.0219147155483 4819.31710965831
5252.912336462822 5211.675637519031
1879.1893394803947 3183.5808420361327
1246.2327844793338 2716.5558145736163
4420.0372123462885 1871.673604057821
867.8649851116832 2722.0697173133135
855.0724870956183 4885.454810752938
1778.233967880448 277.9439414951548
2728.6392026616572 1777.6060492771737
2188.3982270181627 2020.1323090170986
2984.5096573216106 4892.872380535405
635.9454202899246 635.1971392721795
3250.7362473862163 5340.784669752724
2035.8235862156057 1365.8989111649248
4881.887569226226 1025.2804136066345
1200.7586796737646 2455.7776562589142
3512.4759087175676 5569.843670513536
5678.025815573323 3070.7334060213016
2112.080516018401 154.19207842538475
2486.132057446812 5317.2363728420105
1248.6993434857188 882.5607555238064
1309.602843219572 4394.773557011377
1587.8820208661361 5005.796861260978
1382.2461821387712 4454.609960294075
5411.784893666865 1306.474725474114
1221.4727593957912 4874.759249328072
3595.9721053564394 748.5887105718663
2403.4113869469334 286.69267921962467
651.3056820901579 2296.3036662395534
750.4038001131779 5971.049765392137
4863.148670596959 4897.284425837635
4975.430562271937 5117.84411530096
707.1939495056988 2134.1847240232964
612.0588937919729 3312.4130045011516
3357.034252381633 5592.448163187406
1828.1050811496837 2368.5844714071936
5059.3630451884 5146.477639056626
1789.4931094107772 3796.812558160474
2084.2825455212883 4959.981531071733
4381.90548655732 862.7493796589526
216.45612686245488 3386.526822184975
1242.2274596385641 1155.5307312831906
5230.773963546216 4327.926340645755
4434.509105290624 3251.9836357790114
2069.8350522894593 5221.088381286541
4720.709991185709 144.58079995961728
665.6538915295189 1806.7318808453665
4077.523092129762 4081.9770689707193
5849.855968976245 1853.8652447315555
770.4105675445085 3185.759073526614
4349.413473377522 1900.0375938510258
5202.999503610923 5503.276382467142
2305.3169605135636 4019.7227878594404
3210.2824528309056 4157.540201830478
4148.2616448018825 4040.3297077565485
3742.826310646384 3653.6040323085213
2420.4515651642105 1160.5125104586173
2508.3157909102338 3884.9430499613886
2632.5566614560626 3097.5137317872454
258.1957337338012 584.888914936606
4612.279492424989 5926.784992096184
4804.176549274907 3353.9046880158235
2344.1189794904694 4985.235830814301
5388.024308570575 2233.7768885576206
5312.31805226014 1814.4658585775828
5251.650448740169 1369.8589549185597
877.8821409437639 1068.4984401686545
2672.6008659468644 644.4838677166863
3790.5595673466296 1140.822233801751
322.7645177498064 3285.7675942141486
1494.9334488852533 2966.2572669540596
122.8689392094071 3734.1713813831743
180.65051794227722 1028.870211596367
3843.8868708915293 4132.58597957054
3959.2704273262716 274.88699395887136
5169.482269919383 2117.777668883505
2248.7201311245785 677.8183442595604
1448.1104710465352 2976.085842469912
3623.6119669268473 1192.7121268095627
3870.8889756662593 5180.936136394474
2203.1729054983284 1374.3084607608107
3589.9228998128274 1546.9034733875599
2576.8022436769206 3694.725974301749
2713.544713857572 2184.0683683457714
3825.059641869981 824.7097978119874
2560.7493007595053 5389.497881408917
205.23612066656963 1068.78576083984
5227.408896627899 4729.195768832788
2728.9303137342486 2698.036548377716
1011.4113279590667 1515.3002140849846
3638.0636150106748 164.47625276910094
4977.442253164727 5607.737254362518
2365.82020830281 5833.299206040299
5126.70305733596 4734.572758632486
2825.7805502969445 4480.1357706238105
1476.5376953824768 3812.5341226249266
1959.7705746056404 4985.3158242788195
765.2688381516873 5625.215104604494
1938.4939185873334 1820.4019570652417
1555.463915171903 3895.525019619077
2203.260605834494 3398.0598219985445
3739.2156625930315 2560.020186739805
279.37850899066655 1895.6662705667425
4023.29086449167 5125.720902506379
4879.205960256094 2948.4041921125454
848.0452328199366 1696.5496018206368
1220.1878861091143 4824.642183443483
1289.568942705895 5423.341439607169
1383.631689863052 5238.991077331425
4935.705973625096 5448.948555774775
1591.0294197824908 2148.4506995607644
5014.941745494979 1028.5712526631503
5285.879120913515 3266.797477501122
5792.697266289817 2475.595974939688
4327.149673582385 1106.0867809163226
3015.20796848906 4894.243657058026
1005.0386606661623 4761.17656804097
4549.645809041921 142.07948871671658
1077.6871242939967 128.97162456030438
3030.8540489059187 4866.687411183887
5193.387703447419 148.9047138758222
3332.6574948823327 4585.597994370462
5799.008979973307 1356.4090396265606
3161.7321499052146 2004.7448827546066
2390.603708221611 3460.440383836559
2789.7086579081574 5113.872407579385
4706.9233089279205 3013.3552465417692
5301.585999116726 1438.322988480782
3609.147453448212 560.5506593832282
4816.260394042747 1725.7093233593775
4513.921289250366 3096.2021159039277
939.4263526067771 5597.652437854374
2963.819772105434 2759.700166010274
3862.361757686263 1931.9770098940307
3990.3499922188635 5440.959254641429
5711.091748104829 4506.409670932114
2440.9081953536192 3251.7817425868493
1236.8534034571567 4422.956327366798
3667.56791741909 307.6214909491044
4706.167279115716 3641.242740719938
5384.531038234632 4211.751125900264
3738.441648473695 5797.325782890435
2130.195313543117 1513.7851659509001
2607.308785047388 522.822749818713
4760.110900361637 2865.3263555873814
632.5350335513724 4892.372074161912
2354.621970540446 2580.4304786445296
2771.9987786581964 1045.9581802644527
2896.3408051709102 5179.09277755448
1404.4061597351185 1521.0508791931009
563.839823526314 5953.741851054154
3197.378224098491 1034.4217864145107
5483.128492741012 1767.2510622404282
1133.5152750702773 5586.938598259413
4797.903501886343 2877.5606862034124
2203.6331931412574 2693.293396318832
1453.3927478067644 738.0587660791138
5702.2499146500695 5739.045350212393
5933.26705455361 4388.502351826954
567.8247727850379 2004.0715136596623
444.413713752609 2920.80115642018
4070.0345697552293 1487.6096887287758
3096.214882177883 3680.5684397848786
3593.67792541621 5677.626765671574
3422.7762671175774 1611.8908164062022
1973.9620288766337 3973.1559304142106
2516.2698561448465 5614.787048545879
