500
344.92058529047563 842.3306397040302
2288.0145838372505 2401.221095231172
3343.9606462080196 2550.335747992341
1445.7957691999102 3752.052352699764
845.2222501293032 4639.710463141881
2521.9532223822907 1370.8408860806512
1642.9432694882423 2703.739724854738
3762.070064373457 3229.6787058909213
2075.6047098428944 2936.568535105945
3049.696437087653 1666.2288783119775
1620.3068372209325 1840.9364512364755
1876.8582262330494 4456.72879649659
3588.96859405499 1293.2738024031396
2161.5223646283616 3121.52323134784
1698.440914112234 4634.938466294869
1788.8765486192995 1188.51673083353
3271.766904970281 868.6193213004718
686.7664196204541 4304.958919518507
452.3199516178939 3179.5065397224066
2686.349229789705 2979.9714820793315
3561.1604785276136 4342.686206061077
3839.813558506248 26.896200887435633
4478.302312695957 3106.918228850774
617.387179192863 4477.434737347713
837.0707202010814 3728.8356767002488
2128.485837143442 668.5084687771786
3885.134095634793 37.310198218540265
696.0055201630661 4138.537168573525
1724.2024432183468 2386.8719871316484
3961.4862348684014 3029.1656094508835
970.6483928839333 4695.228333892839
851.0036990041657 3204.9647606533563
2236.6526803284805 4797.676707790272
723.494870782692 3723.9035314244297
3012.741119769803 4216.265798450704
3925.971382402976 4555.792524550788
554.6949843264069 122.98984053569247
3092.862870644251 4356.530117906069
912.3301128246297 985.1514940076885
2316.910373315502 730.676358293041
1969.751501450385 3670.11152447612
658.5686143986229 4612.580693913487
3721.746105635178 1432.7690835522426
2482.5477724857224 2762.553776927646
2554.9802451587375 852.806487168228
4565.009473022945 4539.359383723873
1917.4860994756202 123.56126441317477
3551.970400746697 711.4461018452974
4470.5563601105205 1768.9717494085307
4467.570240684715 4704.004240750628
3580.258410324436 3447.9242763470115
4323.732901197341 1790.4749451321009
2465.833277793115 3273.221958469691
2262.5074716631098 271.3434057070935
43.80671440043205 617.4445397455443
1550.5091510137572 1752.5157840965026
2479.5516843643836 1792.1768178937568
414.813457501964 778.9970540343338
235.8925257350442 2756.8710880350554
3544.2521964266043 4576.983276554442
3515.2564378618686 690.2014164774929
4091.891850868538 1234.855824658071
2671.159185797317 467.1928869563177
1175.5092154134345 895.5728041307609
676.4324112470968 641.1856864110595
2272.425073359549 1628.171645631416
4052.0940418222394 4021.9875851437037
3771.1910505400456 1380.3041940053918
557.5900324119343 2442.0569787992204
4583.428780724653 1197.2061545435295
1053.0732080756252 2853.6832723492253
1032.21679787233 3350.123687541278
1522.0218485869586 2235.473143720233
418.8511806540687 4634.486110740978
1488.9289103884087 1848.4145703318368
2220.714381182793 1505.9490377558702
1008.4284259620088 746.3318169958991
1477.6199145383825 3899.661144177123
3385.339325186619 355.2074702161508
3513.192966372542 4178.575657755708
2061.0493026430454 1606.4400709368192
2674.692316935037 3940.094367136281
4306.809792222362 2085.2236723795745
918.124826993499 3289.5876465930196
2348.429770247319 2719.8412318071028
1344.321276975312 3153.7233692282775
1626.9951479326944 1451.26041555154
989.9852750217481 1319.8451932198977
1918.230198863416 3706.8301217638277
1652.1185771229489 4687.053179386887
287.83887124592076 3799.595696936968
4447.215080816387 849.3507727385531
965.5185305204277 3239.0861637887056
218.90772829389573 3580.0719485537443
3310.109938042009 3549.7036266986793
7.174799993964764 1163.4749821502942
3457.2039522986643 3917.6911022776526
705.0813059986557 641.2829604648111
4155.470514771744 2733.953080781114
1492.5649745136234 2331.7604231443597
481.53699583049934 1470.7267515722174
1785.383224417407 2461.111068520831
4466.805258168397 4774.727731335205
1455.0644601384806 1056.2920804678433
981.6369626451643 4598.334263225329
1179.4780875465926 4828.464147169395
2045.6410673906726 148.69779894080276
3159.999185271434 2812.085405116334
952.3756400113632 1289.7331985603553
1032.3627655350579 1635.0378958560893
1923.7581487715713 1202.399423160245
1132.8471297789304 4255.492614584357
309.78241804943 1070.0290077445402
2352.2227780802145 1323.0139793658377
4074.6344986479676 2325.836784615502
4278.546967413714 3184.82580332423
1310.147694026902 908.495660629543
4126.306704896098 2493.9309304280696
2327.595683099364 2640.9991732298176
3177.023459627049 4094.9966790671565
3565.155552130594 434.3864764892794
1078.8073447123163 2379.331169955343
1418.8588968402166 2619.162028652355
3447.395673951916 2547.421569439255
317.30321695688457 709.874759432734
2595.180371951992 2859.028590985347
2437.673844636619 3588.088721836912
885.2514073222266 4291.572283019887
764.4510280176527 3813.712403606688
736.7319327313795 1391.3539811238309
419.9121205245036 1417.628287774578
3627.170602269949 3909.118768815923
2009.6902955040869 3388.0357772597627
2529.0173127299654 4649.162195858952
429.5989706880381 3162.960130117306
1754.718958627149 1650.1818378338312
651.9269532795768 1104.863360102564
3134.344634128398 4225.642424440872
2917.871694119191 2411.3151049768658
1370.7580738339677 4010.9338876765387
3828.517462557751 2185.514372066022
4286.018078621239 1421.8696969455787
1611.75632867908 1034.0403744883326
445.70107096546514 2284.4258394585695
1372.8836575198945 620.1363935399297
270.26508328156837 1598.9284906404614
3017.4559872226596 2283.435318499809
2528.893955476042 797.9241658359474
4391.404719154317 3844.7024280519827
2272.2618527261675 883.8778882642937
4637.170185542685 3644.4184246990944
641.7183584115827 1578.608170321898
3892.4307283731796 1522.2628165185515
3858.9225730531984 3250.171475897066
1314.9074367900282 4784.446381169824
4149.636976657376 1257.0027646373503
3664.7821663377804 1538.004833024689
3526.2763810777356 2120.7304073326245
590.5176046747569 822.0828366665036
1353.3060124991946 4184.53560669721
2019.1799670408957 3947.442477272232
2582.0894561641617 4109.311702472583
1720.33281578284 3823.0067392778956
2856.385221364981 2387.1532334550284
3506.385724614072 1919.9324748410286
1728.6307026282705 196.8211990685646
1893.265024146725 2939.947670829359
178.5715147753362 978.0188214325154
3899.4881619504845 2255.8932548171288
960.9908578871074 4717.259568759856
2993.020917713669 1521.8608882493447
4331.417340929058 281.48678852075477
3192.9339269069606 31.077319811401928
3386.7404884791263 765.0954213880673
2613.8154891090808 1290.646301415657
4397.923758208216 2393.479158985208
4408.7676149119625 506.6631195247615
1452.8537793093285 1290.55602571504
4564.470005197319 1489.1201476748379
4587.459194294564 1531.6396755168976
2563.6359354299593 352.48764755848083
3448.1857506435967 4680.319201304952
4105.577826834061 752.3186371971323
1865.593010247577 71.22455494755404
1737.9511675342817 4397.802223176148
4398.992806068118 4425.60575838593
3423.1768761090307 1287.7117440431061
2694.8953364463737 3365.178984031595
3152.18307229066 3037.965119769216
4727.798061972138 3554.250723883059
4534.308273413016 93.69538060077775
3874.951938087882 1878.2776659070228
3110.11964845421 4430.857608019577
3263.8247955155616 1490.5376381745546
2931.5998149644897 681.5239751085284
1355.1322165976212 4672.8057610682245
4299.141091430673 4371.319818183041
382.6537678591219 4484.399906491576
4666.635823872834 3610.705760488625
1488.9885095250772 2294.309745762056
2076.049996422171 2771.3695007764454
3846.227062158109 257.7221274324292
1458.3862003097308 4109.677055709061
590.3799845899523 2337.358007873646
1547.709118430728 87.41030323534567
4399.917469106016 2191.1052222248886
2290.755762606602 1350.8941824620053
3736.723246868712 576.231164714989
27.924108734941168 881.6151027556185
3465.038443554209 1935.6601961332244
1683.0219717136451 3390.8876790307945
1166.8299589099179 1179.5239814004508
4775.59966365452 3797.8334860614605
765.6465672176638 1618.0802790247062
2625.142426913415 2771.35546341797
2632.4055189963015 3707.106270946707
3297.4517708548947 4272.848280806886
4756.123143231005 1530.1527690789198
4074.6101613320347 2238.902306685717
2547.1310954616238 3853.1048893158236
131.66407716741205 1736.611761130193
680.0709798080342 47.04619074366733
4448.2534946174055 1805.2761538284262
1976.793878870686 2070.627265891858
3704.98304166928 2359.413122555355
4820.140286356261 4664.6296830411375
3660.3433769978033 2365.466947972857
1791.2722739300355 1263.9052152274708
1962.8758045976613 3253.951466747386
1203.9900108722584 4688.454425684813
4446.518135990302 2640.884993001682
2470.297426005207 184.07724641027016
2105.251904178178 252.95517172860457
3874.2563017760863 2093.283091081234
932.932365790724 3434.790896307482
4798.963271903653 3845.4199223005708
141.31570308053085 1526.046804066677
2330.392568436211 4258.86703279318
4224.888800299329 264.3310265822228
1150.0141355783503 488.27408212857387
4199.628807689289 3926.868626589166
4387.139322655161 1076.1214063895557
1730.8300545858367 3058.685217281082
15.586487600312989 4027.123136180983
187.580393647735 3427.6701003748058
1438.2269737679217 162.94628951612754
4677.488209435154 1268.3026172031275
3473.589759067329 2438.553116584479
337.60990740376377 1271.3334261834923
3904.5049315868255 2283.1402395558453
3199.576694039029 4634.460881379358
4558.591667773681 4467.569358584801
4358.816341797311 4395.491052358489
3337.1666818553895 2362.9354387215167
1137.4254075826743 3794.2975517978357
2321.2767840109864 4540.876202326757
79.20983386575102 956.5261322571057
3429.551494267098 848.7983632824925
3954.996027723057 2092.706330442497
3836.460549611144 3812.19145592283
3092.5434319430037 4050.770238931236
235.44903546804605 61.16739256529728
3850.1232534437586 3586.913241511715
2914.356560756622 3518.0446346555605
3078.5013495041835 2948.3126805493625
1030.075816623089 3963.0640761833984
1838.4243819546257 1379.2771108760066
967.4101753133687 2752.2524611094536
2866.916480133856 3064.466047417698
1864.2052684412713 1600.502639975347
744.2960244389876 2529.5812246645933
2683.575494927299 3449.375896397915
574.4902863128765 2389.090925753012
1649.4933714668448 751.4674519092848
2664.118494667935 1155.7482086201546
1233.618600644237 18.973218877715535
4276.425903619528 1061.5668609433467
3203.670714325885 3251.686995107392
369.82104440396586 3264.1827785194932
2851.5972602970105 3556.7569273978247
4239.890659824358 2753.50692263547
2268.5236827464655 4683.622161799347
201.29083383897378 3491.904250258744
268.64936323162294 2487.0032968017645
4152.4104083290995 3047.745251425364
2748.2698943012674 1647.015066640167
4542.167080977445 2031.870757175606
3182.6450801660435 3539.5719181007435
1597.4608019067405 2519.4103694263513
3865.2732873090818 4645.458832668173
3927.0078556895237 739.5225276595794
4286.742329651021 3052.630489449183
510.7705464877843 940.8463343843167
4289.943777447392 1659.0408772325695
1780.1915242164948 3282.7628353974947
1964.880303671506 4004.248658703914
219.8317167349829 1876.5340957510552
927.2427717165325 803.2376488966762
17.787099083361493 2150.6452513955383
4567.737175829964 3237.7650047252564
2725.3397399683254 1081.6912914979332
1178.1669920179643 1309.0556288670284
2749.681308482168 421.72945794383037
1754.642625666235 4468.795225151362
2868.0368868428186 146.73610457127856
2384.166514563135 2271.627032688558
2969.653406871976 2010.9195846577331
4251.096746082076 2708.358860290556
297.6903640976234 2626.0837680025156
4675.128463699963 3167.7449443995783
143.42881408703454 275.1646754311777
222.9581249333675 2557.0233911337723
1365.209223795735 3870.988806477406
52.630941798658334 913.263799165649
1923.9177391489354 3403.4478001050757
1531.4402878815636 4397.158773633924
1551.515324656672 4790.749197348476
2572.920345538465 1416.4758831394222
4180.66075567811 54.18371810531648
4736.782957957689 2567.724087715144
4656.684778209696 1857.0947503890409
1894.3307339769085 3095.1226689720575
1901.8102474983384 3813.6524627914832
2248.278796187952 2124.1555654510125
3609.3311751019546 2937.7897625543974
3706.866463731228 720.3672308952276
4459.296085702357 1081.6645310452654
741.0057015910302 2516.7473432187758
3950.1410027556944 2131.190323364963
808.9206603479604 4809.933347822397
3902.919009069546 3758.8614468116616
3237.4946291759643 1624.2818491465594
2932.4545588407937 664.3011157024288
1312.9922904884947 4094.2978884840322
3604.6414881087744 1620.316195188384
2973.2264785667226 3145.0117519671226
4482.931684222175 2594.06079650407
2888.0909912273887 4451.798451262299
764.438604192533 3050.228148157402
221.94080611216873 734.6258305244294
828.0825323984596 2781.9020100706816
3798.285445807611 4350.143457924903
512.507969590404 2192.3736069725014
166.14771114074856 3621.437965799867
2540.1688289874905 2899.4287283316494
2727.9150306833317 4135.573426035755
77.01330081417825 2661.275791873269
2071.3272038567575 1586.3660507581158
1669.0251738223176 1968.6769736540457
3799.921295684222 3898.122085972234
4421.817403549926 1381.4958533196614
911.4650948193997 548.7844495205849
3840.2149126313966 420.76453282308734
808.1111760741193 4026.7472217126965
4443.5448949897755 4503.237910352484
1273.2005663521775 2622.833392358737
1196.8173192617649 3839.21677583772
1736.5714480191616 1350.0279914754192
2558.269406837703 4426.752332156584
3955.8816079469702 2481.519927266513
785.4857025392619 2445.827660175686
3375.9485527844404 800.4127436014895
4651.881170594807 390.7225428593948
3776.0051989748226 2033.853687383275
4134.0654403471735 3650.7492982199933
3763.3837833286398 2397.175792338631
260.66311099212294 3282.056734280018
1524.0791866983443 4709.996010241675
2314.777523802743 3054.628556596007
1104.4341518457409 2258.3707158551965
4288.312410315716 852.9425226627513
588.0730496980307 3629.6306153621017
3318.4990699242785 4023.717121790041
878.1006386344774 3195.08474771146
4327.192057412237 2643.6922760711655
4804.335660837348 2916.8517581479614
27.35489674976827 3345.7453699623125
1665.097069219621 4285.087342099056
4539.722159089357 1513.1039950890633
4054.891788204031 1682.203685940871
1461.0879393771183 3862.799911900563
4788.261337416966 2392.3026263425636
2657.8052759489638 3098.8716018391287
997.6045727190757 3876.2173054522787
2012.750600337352 293.76635138852095
4148.040625451292 2507.414674997124
1207.9150242686026 3351.13228801969
1443.9436656599453 2507.788771989705
3333.7484054950814 531.3716383310393
3646.1183874798644 815.2960728445121
1024.5769911446523 2158.842814312885
3099.078474719781 1398.721105317988
2420.948462358512 417.9600585695401
1374.2984371144728 1705.7650011980988
561.3552452648693 703.7961759108747
4439.122543398696 4143.8363255708155
344.81192019679435 2333.7548865789395
466.91112305593157 3614.2345613928774
3272.9515405638854 225.69002022229236
386.1433063143246 3896.064864730274
1069.765716824271 1952.1857677747182
2900.6416943863323 3190.685565552427
1237.8711330722479 416.8747612042088
3412.877582206615 993.1451048959765
4180.181745598627 4793.730151083735
1208.2139067340881 561.5008281205236
3065.887324993442 1963.1625586982568
4240.43579720673 654.8445795015392
945.2522821928475 2118.092991639547
3420.1198883066704 4067.6833273439015
638.155520383241 1428.7724074823313
2958.544111465086 2907.6637177017255
2290.313908925348 4645.867666702815
3081.432168609605 1464.8879741892943
2397.5986268417346 2266.271939847617
1216.360304884373 883.3107094669474
715.6516882132725 3870.615183834315
1038.062719068123 3720.9121986652394
1103.7039129187501 383.23142232582813
4393.671834891706 2922.950269418911
3781.1543329524434 3615.7282798072083
3307.4735034731298 698.9973055717957
1299.6360907799324 3465.7987977121575
2355.8731810624427 3278.5245777993555
2798.2293411321693 4721.935925055604
2591.556909707669 2200.033669417394
3525.300898154697 4193.711258375421
4435.45314859619 4276.961686409675
1388.3001186602557 2397.8418595842923
2950.7946975404902 4326.810244788244
1037.951917584638 3557.7110236895874
3418.3073161202774 1890.0042328240404
1250.055415851679 1904.5948250472159
2768.246623671667 4574.361603763001
499.07181422268695 4100.421121406848
4796.046305550499 2241.0136850894137
3315.2301123533775 4781.387867434398
4651.936610359577 4510.527815353676
4282.013509021085 3482.501391112659
1007.1530340998755 2086.450395958149
2379.6217344748843 4574.943155002476
3699.041685539166 1456.7650809126767
4300.042240169334 547.4852858349383
1468.3046955600505 1314.281906627835
4699.879287541761 3641.8022433308242
4087.61634568979 1022.6202409153371
1875.3524714243676 607.0955375093351
1824.6259612251242 1812.8472489814844
1477.231251864664 4115.972741773648
4077.692018591715 4602.191740640835
2979.4780794290405 2410.9368129816476
3779.057370934275 1635.998992247261
846.4830148239057 2850.7555281103696
1403.635191831508 668.6384598145236
4766.555859561217 2368.925796158011
4067.8303381115593 3897.113386104896
30.041343352523267 2505.0822847216236
722.3255851006264 4459.103241589546
3703.856966451517 158.52994498753807
3008.1576826300925 570.6932744103641
2167.3848236276394 1378.391691379839
2700.1760449324906 1961.5157748954718
2503.382704295702 3736.2680267656733
4659.157448922703 965.3748085613893
767.9326838462767 2968.319307108317
2432.7683204316163 1543.0752478295171
2964.471943858196 1755.9874247931418
1143.5254690191186 1622.3979673998595
838.8000254474005 2102.1298762927345
3443.5149885302912 3157.2986333242984
2156.173273249483 1615.0102656889871
2260.9984385194 3832.8212053659818
2911.7624073618285 3625.3186595182924
1312.0459824617308 3075.313737557012
2179.2870963816245 1023.2342382736637
2456.643726492016 1090.8494721998754
2064.709689765889 403.03029050661524
1014.9587243342811 1356.867909786394
2443.589300565464 3693.178643620958
3664.340123050732 3022.8864118918596
2994.8371352298054 1603.1951105138355
2833.8951362769403 2889.79864942084
2380.556305178859 107.33346841615436
3135.1133998435084 4067.690384372216
3439.928558754628 3963.140803996735
1874.9248193497808 3276.62157949948
2698.637422497873 4388.314527918697
3055.5477255750707 4355.103195985836
1953.3740624280902 1122.8011707099374
3231.24584116935 2134.2432331925797
740.239222505919 4235.626600023416
4313.201643778292 1992.1953919457846
2179.2358830092544 2842.855727521225
2262.622064781004 2789.003558742763
3409.0855754086615 1962.0691323921774
1924.414400595145 700.5246864300365
3179.1550354245546 4645.366411474436
3226.123527068371 326.9426585568789
2135.6557103221226 3391.6893043685136
4383.8395459088815 2008.354861396809
